Time: 435.029989958    TIMDs: 42
Time: 428.034442902    TIMDs: 42
Time: 438.802935123    TIMDs: 42
