Time: 38.9984099865    TIMDs: 478
Time: 37.1635360718    TIMDs: 478
