Time: 8.8904440403    TIMDs: 98
Time: 9.44088792801    TIMDs: 98
Time: 9.84101700783    TIMDs: 98
